{
 "cells": [
  {
   "cell_type": "code",
   "execution_count": null,
   "id": "c7a722ad-65f9-4df8-8a87-1fdac2d23202",
   "metadata": {},
   "outputs": [],
   "source": [
    "Que4.-\n",
    "\n",
    "The model's main purpose is to predict the 10-year risk of Coronary Heart Disease (CHD). CHD is a disease of the blood vessels supplying the heart. Heart disease has been the leading cause of death worldwide since 1921. In 2008, 7.3 million people died from CHD. \n",
    "The classification goal is to predict whether the patient has 10-year risk of future coronary heart disease (CHD).The dataset provides the patients’ information. It includes over 4,000 records and 15 attributes.\n",
    "Variables\n",
    "Sex: male or female(0=female, 1=male)\n",
    "Age: Age of the patient\n",
    "education: Some high school (1), high school/GED (2), some college/vocational school (3), college (4)\n",
    "Current Smoker: whether or not the patient is a current smoker (0=No, 1=Yes)\n",
    "Cigs Per Day: the number of cigarettes that the person smoked on average in one day\n",
    "BP Meds: whether or not the patient was on blood pressure medication \n",
    "Prevalent Stroke: whether or not the patient had previously had a stroke (0=No, 1=Yes)\n",
    "Prevalent Hyp: whether or not the patient was hypertensive (0=No, 1=Yes)\n",
    "Diabetes: whether or not the patient had diabetes (0=No, 1=Yes)\n",
    "Tot Chol: total cholesterol level\n",
    "Sys BP: systolic blood pressure \n",
    "Dia BP: diastolic blood pressure\n",
    "BMI: Body Mass Index\n",
    "Heart Rate: heart rate\n",
    "Glucose: glucose level\n",
    "\n",
    "Prepare model by using Decision Tree, Random Forest, AdaBoost,CatBoost and XGBoost & Calculate Accuracy by confusion matrix, Calculate accuracy score, precision score, recall score, f1 score.\n",
    "\n",
    "Datasets : framingham.csv"
   ]
  },
  {
   "cell_type": "code",
   "execution_count": 1,
   "id": "f86dae05-6d34-459b-a3eb-2e54ca99aaf9",
   "metadata": {},
   "outputs": [],
   "source": [
    "import warnings\n",
    "warnings.filterwarnings(action=\"ignore\")"
   ]
  },
  {
   "cell_type": "code",
   "execution_count": 2,
   "id": "ba34ed95-7d76-4233-a0f2-ea8d0c9c5446",
   "metadata": {},
   "outputs": [],
   "source": [
    "import numpy as np \n",
    "import pandas as pd \n",
    "import matplotlib.pyplot as plt \n",
    "import seaborn as sns "
   ]
  },
  {
   "cell_type": "code",
   "execution_count": 3,
   "id": "856924b2-9df0-42fe-9600-c7c2bf3140bd",
   "metadata": {},
   "outputs": [
    {
     "data": {
      "text/html": [
       "<div>\n",
       "<style scoped>\n",
       "    .dataframe tbody tr th:only-of-type {\n",
       "        vertical-align: middle;\n",
       "    }\n",
       "\n",
       "    .dataframe tbody tr th {\n",
       "        vertical-align: top;\n",
       "    }\n",
       "\n",
       "    .dataframe thead th {\n",
       "        text-align: right;\n",
       "    }\n",
       "</style>\n",
       "<table border=\"1\" class=\"dataframe\">\n",
       "  <thead>\n",
       "    <tr style=\"text-align: right;\">\n",
       "      <th></th>\n",
       "      <th>male</th>\n",
       "      <th>age</th>\n",
       "      <th>education</th>\n",
       "      <th>currentSmoker</th>\n",
       "      <th>cigsPerDay</th>\n",
       "      <th>BPMeds</th>\n",
       "      <th>prevalentStroke</th>\n",
       "      <th>prevalentHyp</th>\n",
       "      <th>diabetes</th>\n",
       "      <th>totChol</th>\n",
       "      <th>sysBP</th>\n",
       "      <th>diaBP</th>\n",
       "      <th>BMI</th>\n",
       "      <th>heartRate</th>\n",
       "      <th>glucose</th>\n",
       "      <th>TenYearCHD</th>\n",
       "    </tr>\n",
       "  </thead>\n",
       "  <tbody>\n",
       "    <tr>\n",
       "      <th>0</th>\n",
       "      <td>1</td>\n",
       "      <td>39</td>\n",
       "      <td>4.0</td>\n",
       "      <td>0</td>\n",
       "      <td>0.0</td>\n",
       "      <td>0.0</td>\n",
       "      <td>0</td>\n",
       "      <td>0</td>\n",
       "      <td>0</td>\n",
       "      <td>195.0</td>\n",
       "      <td>106.0</td>\n",
       "      <td>70.0</td>\n",
       "      <td>26.97</td>\n",
       "      <td>80.0</td>\n",
       "      <td>77.0</td>\n",
       "      <td>0</td>\n",
       "    </tr>\n",
       "    <tr>\n",
       "      <th>1</th>\n",
       "      <td>0</td>\n",
       "      <td>46</td>\n",
       "      <td>2.0</td>\n",
       "      <td>0</td>\n",
       "      <td>0.0</td>\n",
       "      <td>0.0</td>\n",
       "      <td>0</td>\n",
       "      <td>0</td>\n",
       "      <td>0</td>\n",
       "      <td>250.0</td>\n",
       "      <td>121.0</td>\n",
       "      <td>81.0</td>\n",
       "      <td>28.73</td>\n",
       "      <td>95.0</td>\n",
       "      <td>76.0</td>\n",
       "      <td>0</td>\n",
       "    </tr>\n",
       "    <tr>\n",
       "      <th>2</th>\n",
       "      <td>1</td>\n",
       "      <td>48</td>\n",
       "      <td>1.0</td>\n",
       "      <td>1</td>\n",
       "      <td>20.0</td>\n",
       "      <td>0.0</td>\n",
       "      <td>0</td>\n",
       "      <td>0</td>\n",
       "      <td>0</td>\n",
       "      <td>245.0</td>\n",
       "      <td>127.5</td>\n",
       "      <td>80.0</td>\n",
       "      <td>25.34</td>\n",
       "      <td>75.0</td>\n",
       "      <td>70.0</td>\n",
       "      <td>0</td>\n",
       "    </tr>\n",
       "    <tr>\n",
       "      <th>3</th>\n",
       "      <td>0</td>\n",
       "      <td>61</td>\n",
       "      <td>3.0</td>\n",
       "      <td>1</td>\n",
       "      <td>30.0</td>\n",
       "      <td>0.0</td>\n",
       "      <td>0</td>\n",
       "      <td>1</td>\n",
       "      <td>0</td>\n",
       "      <td>225.0</td>\n",
       "      <td>150.0</td>\n",
       "      <td>95.0</td>\n",
       "      <td>28.58</td>\n",
       "      <td>65.0</td>\n",
       "      <td>103.0</td>\n",
       "      <td>1</td>\n",
       "    </tr>\n",
       "    <tr>\n",
       "      <th>4</th>\n",
       "      <td>0</td>\n",
       "      <td>46</td>\n",
       "      <td>3.0</td>\n",
       "      <td>1</td>\n",
       "      <td>23.0</td>\n",
       "      <td>0.0</td>\n",
       "      <td>0</td>\n",
       "      <td>0</td>\n",
       "      <td>0</td>\n",
       "      <td>285.0</td>\n",
       "      <td>130.0</td>\n",
       "      <td>84.0</td>\n",
       "      <td>23.10</td>\n",
       "      <td>85.0</td>\n",
       "      <td>85.0</td>\n",
       "      <td>0</td>\n",
       "    </tr>\n",
       "  </tbody>\n",
       "</table>\n",
       "</div>"
      ],
      "text/plain": [
       "   male  age  education  currentSmoker  cigsPerDay  BPMeds  prevalentStroke  \\\n",
       "0     1   39        4.0              0         0.0     0.0                0   \n",
       "1     0   46        2.0              0         0.0     0.0                0   \n",
       "2     1   48        1.0              1        20.0     0.0                0   \n",
       "3     0   61        3.0              1        30.0     0.0                0   \n",
       "4     0   46        3.0              1        23.0     0.0                0   \n",
       "\n",
       "   prevalentHyp  diabetes  totChol  sysBP  diaBP    BMI  heartRate  glucose  \\\n",
       "0             0         0    195.0  106.0   70.0  26.97       80.0     77.0   \n",
       "1             0         0    250.0  121.0   81.0  28.73       95.0     76.0   \n",
       "2             0         0    245.0  127.5   80.0  25.34       75.0     70.0   \n",
       "3             1         0    225.0  150.0   95.0  28.58       65.0    103.0   \n",
       "4             0         0    285.0  130.0   84.0  23.10       85.0     85.0   \n",
       "\n",
       "   TenYearCHD  \n",
       "0           0  \n",
       "1           0  \n",
       "2           0  \n",
       "3           1  \n",
       "4           0  "
      ]
     },
     "execution_count": 3,
     "metadata": {},
     "output_type": "execute_result"
    }
   ],
   "source": [
    "df = pd.read_csv(\"framingham.csv\")\n",
    "df.head(5)"
   ]
  },
  {
   "cell_type": "code",
   "execution_count": 4,
   "id": "7386858d-bb42-4799-84df-0b5d668daaa6",
   "metadata": {},
   "outputs": [
    {
     "name": "stdout",
     "output_type": "stream",
     "text": [
      "<class 'pandas.core.frame.DataFrame'>\n",
      "RangeIndex: 4240 entries, 0 to 4239\n",
      "Data columns (total 16 columns):\n",
      " #   Column           Non-Null Count  Dtype  \n",
      "---  ------           --------------  -----  \n",
      " 0   male             4240 non-null   int64  \n",
      " 1   age              4240 non-null   int64  \n",
      " 2   education        4135 non-null   float64\n",
      " 3   currentSmoker    4240 non-null   int64  \n",
      " 4   cigsPerDay       4211 non-null   float64\n",
      " 5   BPMeds           4187 non-null   float64\n",
      " 6   prevalentStroke  4240 non-null   int64  \n",
      " 7   prevalentHyp     4240 non-null   int64  \n",
      " 8   diabetes         4240 non-null   int64  \n",
      " 9   totChol          4190 non-null   float64\n",
      " 10  sysBP            4240 non-null   float64\n",
      " 11  diaBP            4240 non-null   float64\n",
      " 12  BMI              4221 non-null   float64\n",
      " 13  heartRate        4239 non-null   float64\n",
      " 14  glucose          3852 non-null   float64\n",
      " 15  TenYearCHD       4240 non-null   int64  \n",
      "dtypes: float64(9), int64(7)\n",
      "memory usage: 530.1 KB\n"
     ]
    }
   ],
   "source": [
    "df.info()"
   ]
  },
  {
   "cell_type": "code",
   "execution_count": 5,
   "id": "3b0ee679-9b71-4397-8250-3f2dea05c8f6",
   "metadata": {},
   "outputs": [],
   "source": [
    "df['education'] = df['education'].fillna(df['education'].mode()[0])\n",
    "df['cigsPerDay'] = df['cigsPerDay'].fillna(df['cigsPerDay'].mean())\n",
    "df['BPMeds'] = df['BPMeds'].fillna(df['BPMeds'].mode()[0])\n",
    "df['totChol'] = df['totChol'].fillna(df['totChol'].mean())\n",
    "df['BMI'] = df['BMI'].fillna(df['BMI'].mean())\n",
    "df['heartRate'] = df['heartRate'].fillna(df['heartRate'].mean())\n",
    "df['glucose'] = df['glucose'].fillna(df['glucose'].mean())"
   ]
  },
  {
   "cell_type": "code",
   "execution_count": 6,
   "id": "f5798172-e522-426f-be60-d112e0e6f002",
   "metadata": {},
   "outputs": [
    {
     "name": "stdout",
     "output_type": "stream",
     "text": [
      "<class 'pandas.core.frame.DataFrame'>\n",
      "RangeIndex: 4240 entries, 0 to 4239\n",
      "Data columns (total 16 columns):\n",
      " #   Column           Non-Null Count  Dtype  \n",
      "---  ------           --------------  -----  \n",
      " 0   male             4240 non-null   int64  \n",
      " 1   age              4240 non-null   int64  \n",
      " 2   education        4240 non-null   float64\n",
      " 3   currentSmoker    4240 non-null   int64  \n",
      " 4   cigsPerDay       4240 non-null   float64\n",
      " 5   BPMeds           4240 non-null   float64\n",
      " 6   prevalentStroke  4240 non-null   int64  \n",
      " 7   prevalentHyp     4240 non-null   int64  \n",
      " 8   diabetes         4240 non-null   int64  \n",
      " 9   totChol          4240 non-null   float64\n",
      " 10  sysBP            4240 non-null   float64\n",
      " 11  diaBP            4240 non-null   float64\n",
      " 12  BMI              4240 non-null   float64\n",
      " 13  heartRate        4240 non-null   float64\n",
      " 14  glucose          4240 non-null   float64\n",
      " 15  TenYearCHD       4240 non-null   int64  \n",
      "dtypes: float64(9), int64(7)\n",
      "memory usage: 530.1 KB\n"
     ]
    }
   ],
   "source": [
    "df.info()"
   ]
  },
  {
   "cell_type": "code",
   "execution_count": 7,
   "id": "58fd03aa-208a-469b-a4c9-574e1f51e039",
   "metadata": {},
   "outputs": [
    {
     "data": {
      "text/html": [
       "<div>\n",
       "<style scoped>\n",
       "    .dataframe tbody tr th:only-of-type {\n",
       "        vertical-align: middle;\n",
       "    }\n",
       "\n",
       "    .dataframe tbody tr th {\n",
       "        vertical-align: top;\n",
       "    }\n",
       "\n",
       "    .dataframe thead th {\n",
       "        text-align: right;\n",
       "    }\n",
       "</style>\n",
       "<table border=\"1\" class=\"dataframe\">\n",
       "  <thead>\n",
       "    <tr style=\"text-align: right;\">\n",
       "      <th></th>\n",
       "      <th>male</th>\n",
       "      <th>age</th>\n",
       "      <th>education</th>\n",
       "      <th>currentSmoker</th>\n",
       "      <th>cigsPerDay</th>\n",
       "      <th>BPMeds</th>\n",
       "      <th>prevalentStroke</th>\n",
       "      <th>prevalentHyp</th>\n",
       "      <th>diabetes</th>\n",
       "      <th>totChol</th>\n",
       "      <th>sysBP</th>\n",
       "      <th>diaBP</th>\n",
       "      <th>BMI</th>\n",
       "      <th>heartRate</th>\n",
       "      <th>glucose</th>\n",
       "      <th>TenYearCHD</th>\n",
       "    </tr>\n",
       "  </thead>\n",
       "  <tbody>\n",
       "    <tr>\n",
       "      <th>male</th>\n",
       "      <td>1.000000</td>\n",
       "      <td>-0.029014</td>\n",
       "      <td>0.013361</td>\n",
       "      <td>0.197026</td>\n",
       "      <td>0.316023</td>\n",
       "      <td>-0.051544</td>\n",
       "      <td>-0.004550</td>\n",
       "      <td>0.005853</td>\n",
       "      <td>0.015693</td>\n",
       "      <td>-0.070064</td>\n",
       "      <td>-0.035879</td>\n",
       "      <td>0.058199</td>\n",
       "      <td>0.081705</td>\n",
       "      <td>-0.116913</td>\n",
       "      <td>0.005718</td>\n",
       "      <td>0.088374</td>\n",
       "    </tr>\n",
       "    <tr>\n",
       "      <th>age</th>\n",
       "      <td>-0.029014</td>\n",
       "      <td>1.000000</td>\n",
       "      <td>-0.165283</td>\n",
       "      <td>-0.213662</td>\n",
       "      <td>-0.192534</td>\n",
       "      <td>0.121011</td>\n",
       "      <td>0.057679</td>\n",
       "      <td>0.306799</td>\n",
       "      <td>0.101314</td>\n",
       "      <td>0.260691</td>\n",
       "      <td>0.394053</td>\n",
       "      <td>0.205586</td>\n",
       "      <td>0.135578</td>\n",
       "      <td>-0.012839</td>\n",
       "      <td>0.116951</td>\n",
       "      <td>0.225408</td>\n",
       "    </tr>\n",
       "    <tr>\n",
       "      <th>education</th>\n",
       "      <td>0.013361</td>\n",
       "      <td>-0.165283</td>\n",
       "      <td>1.000000</td>\n",
       "      <td>0.019399</td>\n",
       "      <td>0.010217</td>\n",
       "      <td>-0.010231</td>\n",
       "      <td>-0.032910</td>\n",
       "      <td>-0.078565</td>\n",
       "      <td>-0.038215</td>\n",
       "      <td>-0.024025</td>\n",
       "      <td>-0.126062</td>\n",
       "      <td>-0.062334</td>\n",
       "      <td>-0.139731</td>\n",
       "      <td>-0.049580</td>\n",
       "      <td>-0.034416</td>\n",
       "      <td>-0.053002</td>\n",
       "    </tr>\n",
       "    <tr>\n",
       "      <th>currentSmoker</th>\n",
       "      <td>0.197026</td>\n",
       "      <td>-0.213662</td>\n",
       "      <td>0.019399</td>\n",
       "      <td>1.000000</td>\n",
       "      <td>0.767055</td>\n",
       "      <td>-0.048348</td>\n",
       "      <td>-0.032980</td>\n",
       "      <td>-0.103710</td>\n",
       "      <td>-0.044285</td>\n",
       "      <td>-0.046211</td>\n",
       "      <td>-0.130281</td>\n",
       "      <td>-0.107933</td>\n",
       "      <td>-0.167483</td>\n",
       "      <td>0.062678</td>\n",
       "      <td>-0.054062</td>\n",
       "      <td>0.019448</td>\n",
       "    </tr>\n",
       "    <tr>\n",
       "      <th>cigsPerDay</th>\n",
       "      <td>0.316023</td>\n",
       "      <td>-0.192534</td>\n",
       "      <td>0.010217</td>\n",
       "      <td>0.767055</td>\n",
       "      <td>1.000000</td>\n",
       "      <td>-0.045684</td>\n",
       "      <td>-0.032711</td>\n",
       "      <td>-0.066444</td>\n",
       "      <td>-0.037086</td>\n",
       "      <td>-0.026182</td>\n",
       "      <td>-0.088523</td>\n",
       "      <td>-0.056473</td>\n",
       "      <td>-0.092888</td>\n",
       "      <td>0.075257</td>\n",
       "      <td>-0.056020</td>\n",
       "      <td>0.057646</td>\n",
       "    </tr>\n",
       "    <tr>\n",
       "      <th>BPMeds</th>\n",
       "      <td>-0.051544</td>\n",
       "      <td>0.121011</td>\n",
       "      <td>-0.010231</td>\n",
       "      <td>-0.048348</td>\n",
       "      <td>-0.045684</td>\n",
       "      <td>1.000000</td>\n",
       "      <td>0.114614</td>\n",
       "      <td>0.258580</td>\n",
       "      <td>0.051407</td>\n",
       "      <td>0.078775</td>\n",
       "      <td>0.251479</td>\n",
       "      <td>0.192254</td>\n",
       "      <td>0.099681</td>\n",
       "      <td>0.015136</td>\n",
       "      <td>0.048876</td>\n",
       "      <td>0.086448</td>\n",
       "    </tr>\n",
       "    <tr>\n",
       "      <th>prevalentStroke</th>\n",
       "      <td>-0.004550</td>\n",
       "      <td>0.057679</td>\n",
       "      <td>-0.032910</td>\n",
       "      <td>-0.032980</td>\n",
       "      <td>-0.032711</td>\n",
       "      <td>0.114614</td>\n",
       "      <td>1.000000</td>\n",
       "      <td>0.074791</td>\n",
       "      <td>0.006955</td>\n",
       "      <td>0.000105</td>\n",
       "      <td>0.057000</td>\n",
       "      <td>0.045153</td>\n",
       "      <td>0.024856</td>\n",
       "      <td>-0.017674</td>\n",
       "      <td>0.018065</td>\n",
       "      <td>0.061823</td>\n",
       "    </tr>\n",
       "    <tr>\n",
       "      <th>prevalentHyp</th>\n",
       "      <td>0.005853</td>\n",
       "      <td>0.306799</td>\n",
       "      <td>-0.078565</td>\n",
       "      <td>-0.103710</td>\n",
       "      <td>-0.066444</td>\n",
       "      <td>0.258580</td>\n",
       "      <td>0.074791</td>\n",
       "      <td>1.000000</td>\n",
       "      <td>0.077752</td>\n",
       "      <td>0.162683</td>\n",
       "      <td>0.696656</td>\n",
       "      <td>0.615840</td>\n",
       "      <td>0.300599</td>\n",
       "      <td>0.146777</td>\n",
       "      <td>0.082757</td>\n",
       "      <td>0.177458</td>\n",
       "    </tr>\n",
       "    <tr>\n",
       "      <th>diabetes</th>\n",
       "      <td>0.015693</td>\n",
       "      <td>0.101314</td>\n",
       "      <td>-0.038215</td>\n",
       "      <td>-0.044285</td>\n",
       "      <td>-0.037086</td>\n",
       "      <td>0.051407</td>\n",
       "      <td>0.006955</td>\n",
       "      <td>0.077752</td>\n",
       "      <td>1.000000</td>\n",
       "      <td>0.040161</td>\n",
       "      <td>0.111265</td>\n",
       "      <td>0.050260</td>\n",
       "      <td>0.086282</td>\n",
       "      <td>0.048986</td>\n",
       "      <td>0.605709</td>\n",
       "      <td>0.097344</td>\n",
       "    </tr>\n",
       "    <tr>\n",
       "      <th>totChol</th>\n",
       "      <td>-0.070064</td>\n",
       "      <td>0.260691</td>\n",
       "      <td>-0.024025</td>\n",
       "      <td>-0.046211</td>\n",
       "      <td>-0.026182</td>\n",
       "      <td>0.078775</td>\n",
       "      <td>0.000105</td>\n",
       "      <td>0.162683</td>\n",
       "      <td>0.040161</td>\n",
       "      <td>1.000000</td>\n",
       "      <td>0.207436</td>\n",
       "      <td>0.163423</td>\n",
       "      <td>0.115013</td>\n",
       "      <td>0.090678</td>\n",
       "      <td>0.044710</td>\n",
       "      <td>0.081807</td>\n",
       "    </tr>\n",
       "    <tr>\n",
       "      <th>sysBP</th>\n",
       "      <td>-0.035879</td>\n",
       "      <td>0.394053</td>\n",
       "      <td>-0.126062</td>\n",
       "      <td>-0.130281</td>\n",
       "      <td>-0.088523</td>\n",
       "      <td>0.251479</td>\n",
       "      <td>0.057000</td>\n",
       "      <td>0.696656</td>\n",
       "      <td>0.111265</td>\n",
       "      <td>0.207436</td>\n",
       "      <td>1.000000</td>\n",
       "      <td>0.783952</td>\n",
       "      <td>0.325172</td>\n",
       "      <td>0.182084</td>\n",
       "      <td>0.134561</td>\n",
       "      <td>0.216374</td>\n",
       "    </tr>\n",
       "    <tr>\n",
       "      <th>diaBP</th>\n",
       "      <td>0.058199</td>\n",
       "      <td>0.205586</td>\n",
       "      <td>-0.062334</td>\n",
       "      <td>-0.107933</td>\n",
       "      <td>-0.056473</td>\n",
       "      <td>0.192254</td>\n",
       "      <td>0.045153</td>\n",
       "      <td>0.615840</td>\n",
       "      <td>0.050260</td>\n",
       "      <td>0.163423</td>\n",
       "      <td>0.783952</td>\n",
       "      <td>1.000000</td>\n",
       "      <td>0.376317</td>\n",
       "      <td>0.181012</td>\n",
       "      <td>0.058499</td>\n",
       "      <td>0.145112</td>\n",
       "    </tr>\n",
       "    <tr>\n",
       "      <th>BMI</th>\n",
       "      <td>0.081705</td>\n",
       "      <td>0.135578</td>\n",
       "      <td>-0.139731</td>\n",
       "      <td>-0.167483</td>\n",
       "      <td>-0.092888</td>\n",
       "      <td>0.099681</td>\n",
       "      <td>0.024856</td>\n",
       "      <td>0.300599</td>\n",
       "      <td>0.086282</td>\n",
       "      <td>0.115013</td>\n",
       "      <td>0.325172</td>\n",
       "      <td>0.376317</td>\n",
       "      <td>1.000000</td>\n",
       "      <td>0.067318</td>\n",
       "      <td>0.082123</td>\n",
       "      <td>0.074788</td>\n",
       "    </tr>\n",
       "    <tr>\n",
       "      <th>heartRate</th>\n",
       "      <td>-0.116913</td>\n",
       "      <td>-0.012839</td>\n",
       "      <td>-0.049580</td>\n",
       "      <td>0.062678</td>\n",
       "      <td>0.075257</td>\n",
       "      <td>0.015136</td>\n",
       "      <td>-0.017674</td>\n",
       "      <td>0.146777</td>\n",
       "      <td>0.048986</td>\n",
       "      <td>0.090678</td>\n",
       "      <td>0.182084</td>\n",
       "      <td>0.181012</td>\n",
       "      <td>0.067318</td>\n",
       "      <td>1.000000</td>\n",
       "      <td>0.089386</td>\n",
       "      <td>0.022892</td>\n",
       "    </tr>\n",
       "    <tr>\n",
       "      <th>glucose</th>\n",
       "      <td>0.005718</td>\n",
       "      <td>0.116951</td>\n",
       "      <td>-0.034416</td>\n",
       "      <td>-0.054062</td>\n",
       "      <td>-0.056020</td>\n",
       "      <td>0.048876</td>\n",
       "      <td>0.018065</td>\n",
       "      <td>0.082757</td>\n",
       "      <td>0.605709</td>\n",
       "      <td>0.044710</td>\n",
       "      <td>0.134561</td>\n",
       "      <td>0.058499</td>\n",
       "      <td>0.082123</td>\n",
       "      <td>0.089386</td>\n",
       "      <td>1.000000</td>\n",
       "      <td>0.120451</td>\n",
       "    </tr>\n",
       "    <tr>\n",
       "      <th>TenYearCHD</th>\n",
       "      <td>0.088374</td>\n",
       "      <td>0.225408</td>\n",
       "      <td>-0.053002</td>\n",
       "      <td>0.019448</td>\n",
       "      <td>0.057646</td>\n",
       "      <td>0.086448</td>\n",
       "      <td>0.061823</td>\n",
       "      <td>0.177458</td>\n",
       "      <td>0.097344</td>\n",
       "      <td>0.081807</td>\n",
       "      <td>0.216374</td>\n",
       "      <td>0.145112</td>\n",
       "      <td>0.074788</td>\n",
       "      <td>0.022892</td>\n",
       "      <td>0.120451</td>\n",
       "      <td>1.000000</td>\n",
       "    </tr>\n",
       "  </tbody>\n",
       "</table>\n",
       "</div>"
      ],
      "text/plain": [
       "                     male       age  education  currentSmoker  cigsPerDay  \\\n",
       "male             1.000000 -0.029014   0.013361       0.197026    0.316023   \n",
       "age             -0.029014  1.000000  -0.165283      -0.213662   -0.192534   \n",
       "education        0.013361 -0.165283   1.000000       0.019399    0.010217   \n",
       "currentSmoker    0.197026 -0.213662   0.019399       1.000000    0.767055   \n",
       "cigsPerDay       0.316023 -0.192534   0.010217       0.767055    1.000000   \n",
       "BPMeds          -0.051544  0.121011  -0.010231      -0.048348   -0.045684   \n",
       "prevalentStroke -0.004550  0.057679  -0.032910      -0.032980   -0.032711   \n",
       "prevalentHyp     0.005853  0.306799  -0.078565      -0.103710   -0.066444   \n",
       "diabetes         0.015693  0.101314  -0.038215      -0.044285   -0.037086   \n",
       "totChol         -0.070064  0.260691  -0.024025      -0.046211   -0.026182   \n",
       "sysBP           -0.035879  0.394053  -0.126062      -0.130281   -0.088523   \n",
       "diaBP            0.058199  0.205586  -0.062334      -0.107933   -0.056473   \n",
       "BMI              0.081705  0.135578  -0.139731      -0.167483   -0.092888   \n",
       "heartRate       -0.116913 -0.012839  -0.049580       0.062678    0.075257   \n",
       "glucose          0.005718  0.116951  -0.034416      -0.054062   -0.056020   \n",
       "TenYearCHD       0.088374  0.225408  -0.053002       0.019448    0.057646   \n",
       "\n",
       "                   BPMeds  prevalentStroke  prevalentHyp  diabetes   totChol  \\\n",
       "male            -0.051544        -0.004550      0.005853  0.015693 -0.070064   \n",
       "age              0.121011         0.057679      0.306799  0.101314  0.260691   \n",
       "education       -0.010231        -0.032910     -0.078565 -0.038215 -0.024025   \n",
       "currentSmoker   -0.048348        -0.032980     -0.103710 -0.044285 -0.046211   \n",
       "cigsPerDay      -0.045684        -0.032711     -0.066444 -0.037086 -0.026182   \n",
       "BPMeds           1.000000         0.114614      0.258580  0.051407  0.078775   \n",
       "prevalentStroke  0.114614         1.000000      0.074791  0.006955  0.000105   \n",
       "prevalentHyp     0.258580         0.074791      1.000000  0.077752  0.162683   \n",
       "diabetes         0.051407         0.006955      0.077752  1.000000  0.040161   \n",
       "totChol          0.078775         0.000105      0.162683  0.040161  1.000000   \n",
       "sysBP            0.251479         0.057000      0.696656  0.111265  0.207436   \n",
       "diaBP            0.192254         0.045153      0.615840  0.050260  0.163423   \n",
       "BMI              0.099681         0.024856      0.300599  0.086282  0.115013   \n",
       "heartRate        0.015136        -0.017674      0.146777  0.048986  0.090678   \n",
       "glucose          0.048876         0.018065      0.082757  0.605709  0.044710   \n",
       "TenYearCHD       0.086448         0.061823      0.177458  0.097344  0.081807   \n",
       "\n",
       "                    sysBP     diaBP       BMI  heartRate   glucose  TenYearCHD  \n",
       "male            -0.035879  0.058199  0.081705  -0.116913  0.005718    0.088374  \n",
       "age              0.394053  0.205586  0.135578  -0.012839  0.116951    0.225408  \n",
       "education       -0.126062 -0.062334 -0.139731  -0.049580 -0.034416   -0.053002  \n",
       "currentSmoker   -0.130281 -0.107933 -0.167483   0.062678 -0.054062    0.019448  \n",
       "cigsPerDay      -0.088523 -0.056473 -0.092888   0.075257 -0.056020    0.057646  \n",
       "BPMeds           0.251479  0.192254  0.099681   0.015136  0.048876    0.086448  \n",
       "prevalentStroke  0.057000  0.045153  0.024856  -0.017674  0.018065    0.061823  \n",
       "prevalentHyp     0.696656  0.615840  0.300599   0.146777  0.082757    0.177458  \n",
       "diabetes         0.111265  0.050260  0.086282   0.048986  0.605709    0.097344  \n",
       "totChol          0.207436  0.163423  0.115013   0.090678  0.044710    0.081807  \n",
       "sysBP            1.000000  0.783952  0.325172   0.182084  0.134561    0.216374  \n",
       "diaBP            0.783952  1.000000  0.376317   0.181012  0.058499    0.145112  \n",
       "BMI              0.325172  0.376317  1.000000   0.067318  0.082123    0.074788  \n",
       "heartRate        0.182084  0.181012  0.067318   1.000000  0.089386    0.022892  \n",
       "glucose          0.134561  0.058499  0.082123   0.089386  1.000000    0.120451  \n",
       "TenYearCHD       0.216374  0.145112  0.074788   0.022892  0.120451    1.000000  "
      ]
     },
     "execution_count": 7,
     "metadata": {},
     "output_type": "execute_result"
    }
   ],
   "source": [
    "df.corr()"
   ]
  },
  {
   "cell_type": "markdown",
   "id": "b6c148bd-ad7b-464b-8f17-723243a7a97f",
   "metadata": {},
   "source": [
    "### split into x and y "
   ]
  },
  {
   "cell_type": "code",
   "execution_count": 8,
   "id": "22e5d5d7-e632-4935-b1c9-470e3955141d",
   "metadata": {},
   "outputs": [],
   "source": [
    "x = df.drop(['TenYearCHD'], axis=1)\n",
    "y = df['TenYearCHD']"
   ]
  },
  {
   "cell_type": "code",
   "execution_count": 9,
   "id": "c312db93-2a70-4a3f-9aaa-7a2c319eba4a",
   "metadata": {},
   "outputs": [],
   "source": [
    "### split into test_train_split \n",
    "from sklearn.model_selection import train_test_split \n",
    "x_train, x_test, y_train, y_test = train_test_split(\n",
    "    x,y,train_size=0.8, random_state=123456\n",
    ")"
   ]
  },
  {
   "cell_type": "markdown",
   "id": "d496a313-6b3a-4101-936b-aa73c0dd0858",
   "metadata": {},
   "source": [
    "### model building "
   ]
  },
  {
   "cell_type": "code",
   "execution_count": 10,
   "id": "ddeeaef6-229f-4fe7-8c41-6d301f640b30",
   "metadata": {},
   "outputs": [],
   "source": [
    "from sklearn.tree import DecisionTreeClassifier \n",
    "def create_decision_tree_model(): \n",
    "    model = DecisionTreeClassifier(max_depth=5)\n",
    "    model.fit(x_train, y_train)\n",
    "    return model"
   ]
  },
  {
   "cell_type": "code",
   "execution_count": 11,
   "id": "1d878f2e-2daa-43ef-b487-2b54520e83da",
   "metadata": {},
   "outputs": [],
   "source": [
    "from sklearn.ensemble import RandomForestClassifier \n",
    "def create_random_forest_model(): \n",
    "    model = RandomForestClassifier(n_estimators=25, max_depth=5)\n",
    "    model.fit(x_train, y_train)\n",
    "    return model"
   ]
  },
  {
   "cell_type": "code",
   "execution_count": 12,
   "id": "8cb8cac1-9963-4155-a7c9-ed25d19e5b11",
   "metadata": {},
   "outputs": [],
   "source": [
    "from sklearn.ensemble import AdaBoostClassifier \n",
    "def create_adaboost_model(): \n",
    "    model = AdaBoostClassifier(n_estimators=35, learning_rate=0.2)\n",
    "    model.fit(x_train, y_train)\n",
    "    return model"
   ]
  },
  {
   "cell_type": "code",
   "execution_count": 13,
   "id": "434ab98b-c71f-4af4-a0aa-ac17c2abf230",
   "metadata": {},
   "outputs": [],
   "source": [
    "from catboost import CatBoostClassifier \n",
    "def create_catboost_model(): \n",
    "    model = CatBoostClassifier(n_estimators=35, learning_rate=0.2)\n",
    "    model.fit(x_train, y_train)\n",
    "    return model"
   ]
  },
  {
   "cell_type": "code",
   "execution_count": 14,
   "id": "26f4ee32-add2-43d5-b7d4-7216678e8137",
   "metadata": {},
   "outputs": [],
   "source": [
    "from xgboost import XGBClassifier \n",
    "def create_xgboost_model(): \n",
    "    model = XGBClassifier(n_estimators=35, max_depth=2, learning_rate=0.2)\n",
    "\n",
    "# train the model\n",
    "    model.fit(x_train, y_train)\n",
    "\n",
    "    return model"
   ]
  },
  {
   "cell_type": "code",
   "execution_count": 15,
   "id": "678477c4-ca48-45f9-9aaa-34ab8e13d37f",
   "metadata": {},
   "outputs": [],
   "source": [
    "from sklearn.metrics import accuracy_score, precision_score, recall_score, f1_score \n",
    "def evaluate_model_on_test_dataset(model): \n",
    "    y_pred = model.predict(x_test)\n",
    "    accuracy = accuracy_score(y_test, y_pred)\n",
    "    precision = precision_score(y_test, y_pred, average=\"macro\")\n",
    "    recall = recall_score(y_test, y_pred, average=\"macro\")\n",
    "    f1 = f1_score(y_test, y_pred, average=\"macro\")\n",
    "    return f\"{accuracy:.2f}\", f\"{precision:.2f}\", f\"{recall:.2f}\", f\"{f1:.2f}\""
   ]
  },
  {
   "cell_type": "code",
   "execution_count": 16,
   "id": "1a12da61-2931-41ec-bca8-15d750e52616",
   "metadata": {},
   "outputs": [
    {
     "name": "stdout",
     "output_type": "stream",
     "text": [
      "0:\tlearn: 0.6051069\ttotal: 48.2ms\tremaining: 1.64s\n",
      "1:\tlearn: 0.5436485\ttotal: 50ms\tremaining: 826ms\n",
      "2:\tlearn: 0.5017263\ttotal: 51.5ms\tremaining: 550ms\n",
      "3:\tlearn: 0.4726393\ttotal: 53.1ms\tremaining: 411ms\n",
      "4:\tlearn: 0.4503465\ttotal: 54.8ms\tremaining: 329ms\n",
      "5:\tlearn: 0.4342646\ttotal: 56.4ms\tremaining: 273ms\n",
      "6:\tlearn: 0.4230618\ttotal: 57.9ms\tremaining: 232ms\n",
      "7:\tlearn: 0.4123578\ttotal: 59.4ms\tremaining: 200ms\n",
      "8:\tlearn: 0.4029174\ttotal: 60.9ms\tremaining: 176ms\n",
      "9:\tlearn: 0.3975810\ttotal: 62.5ms\tremaining: 156ms\n",
      "10:\tlearn: 0.3905508\ttotal: 64.1ms\tremaining: 140ms\n",
      "11:\tlearn: 0.3866227\ttotal: 65.8ms\tremaining: 126ms\n",
      "12:\tlearn: 0.3824304\ttotal: 67.4ms\tremaining: 114ms\n",
      "13:\tlearn: 0.3794898\ttotal: 69ms\tremaining: 104ms\n",
      "14:\tlearn: 0.3776635\ttotal: 70.6ms\tremaining: 94.2ms\n",
      "15:\tlearn: 0.3751141\ttotal: 72.3ms\tremaining: 85.9ms\n",
      "16:\tlearn: 0.3729153\ttotal: 73.9ms\tremaining: 78.2ms\n",
      "17:\tlearn: 0.3703420\ttotal: 75.5ms\tremaining: 71.3ms\n",
      "18:\tlearn: 0.3689307\ttotal: 77ms\tremaining: 64.9ms\n",
      "19:\tlearn: 0.3678011\ttotal: 78.7ms\tremaining: 59ms\n",
      "20:\tlearn: 0.3664753\ttotal: 80.3ms\tremaining: 53.6ms\n",
      "21:\tlearn: 0.3650256\ttotal: 81.9ms\tremaining: 48.4ms\n",
      "22:\tlearn: 0.3639824\ttotal: 83.5ms\tremaining: 43.6ms\n",
      "23:\tlearn: 0.3627514\ttotal: 85ms\tremaining: 39ms\n",
      "24:\tlearn: 0.3614682\ttotal: 86.6ms\tremaining: 34.6ms\n",
      "25:\tlearn: 0.3606726\ttotal: 88.2ms\tremaining: 30.5ms\n",
      "26:\tlearn: 0.3594583\ttotal: 89.8ms\tremaining: 26.6ms\n",
      "27:\tlearn: 0.3584487\ttotal: 91.4ms\tremaining: 22.9ms\n",
      "28:\tlearn: 0.3572156\ttotal: 93ms\tremaining: 19.2ms\n",
      "29:\tlearn: 0.3565454\ttotal: 94.6ms\tremaining: 15.8ms\n",
      "30:\tlearn: 0.3559783\ttotal: 96.3ms\tremaining: 12.4ms\n",
      "31:\tlearn: 0.3554790\ttotal: 97.8ms\tremaining: 9.17ms\n",
      "32:\tlearn: 0.3548110\ttotal: 99.7ms\tremaining: 6.04ms\n",
      "33:\tlearn: 0.3536907\ttotal: 101ms\tremaining: 2.98ms\n",
      "34:\tlearn: 0.3528053\ttotal: 103ms\tremaining: 0us\n"
     ]
    }
   ],
   "source": [
    "models = []\n",
    "\n",
    "models.append({\"Name\": \"Decision Tree\", \"model\": create_decision_tree_model() })\n",
    "models.append({\"Name\": \"Random Forest\", \"model\": create_random_forest_model()})\n",
    "models.append({\"Name\": \"Adaboost\", \"model\": create_adaboost_model()})\n",
    "models.append({\"Name\": \"Catboost\", \"model\": create_catboost_model()})\n",
    "models.append({\"Name\": \"XGBoost\", \"model\": create_xgboost_model()})"
   ]
  },
  {
   "cell_type": "code",
   "execution_count": 21,
   "id": "46fad3f1-d523-4026-8c48-f62c315c6c3c",
   "metadata": {},
   "outputs": [
    {
     "data": {
      "text/html": [
       "<div>\n",
       "<style scoped>\n",
       "    .dataframe tbody tr th:only-of-type {\n",
       "        vertical-align: middle;\n",
       "    }\n",
       "\n",
       "    .dataframe tbody tr th {\n",
       "        vertical-align: top;\n",
       "    }\n",
       "\n",
       "    .dataframe thead th {\n",
       "        text-align: right;\n",
       "    }\n",
       "</style>\n",
       "<table border=\"1\" class=\"dataframe\">\n",
       "  <thead>\n",
       "    <tr style=\"text-align: right;\">\n",
       "      <th></th>\n",
       "      <th>Name</th>\n",
       "      <th>accuracy</th>\n",
       "      <th>precision</th>\n",
       "      <th>recall</th>\n",
       "      <th>f1</th>\n",
       "    </tr>\n",
       "  </thead>\n",
       "  <tbody>\n",
       "    <tr>\n",
       "      <th>0</th>\n",
       "      <td>Decision Tree</td>\n",
       "      <td>0.85</td>\n",
       "      <td>0.63</td>\n",
       "      <td>0.53</td>\n",
       "      <td>0.53</td>\n",
       "    </tr>\n",
       "    <tr>\n",
       "      <th>1</th>\n",
       "      <td>Random Forest</td>\n",
       "      <td>0.85</td>\n",
       "      <td>0.59</td>\n",
       "      <td>0.51</td>\n",
       "      <td>0.47</td>\n",
       "    </tr>\n",
       "    <tr>\n",
       "      <th>2</th>\n",
       "      <td>Adaboost</td>\n",
       "      <td>0.85</td>\n",
       "      <td>0.43</td>\n",
       "      <td>0.50</td>\n",
       "      <td>0.46</td>\n",
       "    </tr>\n",
       "    <tr>\n",
       "      <th>3</th>\n",
       "      <td>Catboost</td>\n",
       "      <td>0.85</td>\n",
       "      <td>0.71</td>\n",
       "      <td>0.53</td>\n",
       "      <td>0.52</td>\n",
       "    </tr>\n",
       "    <tr>\n",
       "      <th>4</th>\n",
       "      <td>XGBoost</td>\n",
       "      <td>0.85</td>\n",
       "      <td>0.66</td>\n",
       "      <td>0.52</td>\n",
       "      <td>0.51</td>\n",
       "    </tr>\n",
       "  </tbody>\n",
       "</table>\n",
       "</div>"
      ],
      "text/plain": [
       "            Name accuracy precision recall    f1\n",
       "0  Decision Tree     0.85      0.63   0.53  0.53\n",
       "1  Random Forest     0.85      0.59   0.51  0.47\n",
       "2       Adaboost     0.85      0.43   0.50  0.46\n",
       "3       Catboost     0.85      0.71   0.53  0.52\n",
       "4        XGBoost     0.85      0.66   0.52  0.51"
      ]
     },
     "execution_count": 21,
     "metadata": {},
     "output_type": "execute_result"
    }
   ],
   "source": [
    "# evaluate all the models\n",
    "for info in models:\n",
    "    accuracy, precision, recall, f1 = evaluate_model_on_test_dataset(info[\"model\"])\n",
    "    info[\"accuracy\"] = accuracy\n",
    "    info[\"precision\"] = precision\n",
    "    info[\"recall\"] = recall\n",
    "    info[\"f1\"] = f1\n",
    "\n",
    "# print the evaluation report\n",
    "df_evaluation_report_test = pd.DataFrame(models, columns=[\"Name\", \"accuracy\", \"precision\", \"recall\", \"f1\"])\n",
    "df_evaluation_report_test"
   ]
  },
  {
   "cell_type": "code",
   "execution_count": 20,
   "id": "a71c7f9b-b438-42ff-90c1-d2c28c47b4ae",
   "metadata": {},
   "outputs": [
    {
     "name": "stdout",
     "output_type": "stream",
     "text": [
      "orl\n",
      "13\n"
     ]
    }
   ],
   "source": [
    "b = \"Hello, World!\"\n",
    "print(b[-5:-2])\n",
    "print(len(b))"
   ]
  },
  {
   "cell_type": "code",
   "execution_count": null,
   "id": "6cfcb13f-10b1-4ed9-a8fe-f01ed050dd7c",
   "metadata": {},
   "outputs": [],
   "source": []
  }
 ],
 "metadata": {
  "kernelspec": {
   "display_name": "Python (ml_env)",
   "language": "python",
   "name": "ml_env"
  },
  "language_info": {
   "codemirror_mode": {
    "name": "ipython",
    "version": 3
   },
   "file_extension": ".py",
   "mimetype": "text/x-python",
   "name": "python",
   "nbconvert_exporter": "python",
   "pygments_lexer": "ipython3",
   "version": "3.12.3"
  }
 },
 "nbformat": 4,
 "nbformat_minor": 5
}
